7.84019
0.783099
7.91165
0.335223
0.277775
0.477397
0.364784
0.95223
0.635712
0.141603
0.0163006
0.137232
0.156679
0.12979
0.998924
0.512932
0.61264
0.637552
0.493583
0.292517
0.526745
0.400229
0.283315
0.807725
0.0697553
0.525995
0.192214
0.890233
0.0641713
0.457702
0.23828
0.902208
0.266666
0.375207
0.512535
0.531606
0.437638
0.93081
0.284293
0.639979
0.687861
0.440105
0.829201
0.228968
0.35036
0.956468
0.657304
0.43956
0.398437
0.684219
0.482491
0.950252
0.14766
0.641081
0.619596
0.786002
0.447034
0.187533
0.556444
0.169607
0.103171
0.495444
0.984752
0.684445
0.749771
0.29416
0.584489
0.15239
7.12547
0.164102
0.0745298
0.0525293
0.176211
0.797798
0.656564
0.639458
0.0934805
0.52021
0.0699064
0.46142
0.573319
0.0519388
0.999994
0.889956
0.997799
0.87054
0.00416161
0.593892
0.163132
0.913027
0.359095
0.57943
0.687387
0.530808
0.304295
0.576971
0.747809
0.0354209
0.833239
7.87327
0.979434
0.903366
0.66688
0.163968
0.888949
0.649707
0.62948
0.70062
0.328777
0.074161
0.223656
0.510686
0.280042
0.719269
0.471483
0.944318
0.336351
0.434513
0.344943
0.833243
0.675476
0.481936
0.712087
0.621823
0.413984
0.673936
0.347116
0.609106
0.730729
0.740438
0.920914
0.65313
0.532441
0.260497
0.686125
0.111276
0.57669
7.66656
0.775767
0.329642
0.984363
0.827391
0.188201
0.958637
0.764871
0.121143
0.383832
0.943051
0.861917
0.793657
